mpi
215.015 297.969 307.491 297.274 279.197
128.469 157.035 174.643 159.746 164.591
80.587 99.089 102.564 116.955 119.627
46.907 47.107 57.686 86.704 93.858
36.139 42.275 48.417 56.484 55.053
36.412 40.022 57.272 63.145 69.041
openMP
228.693 236.791 238.553 286.132 225.405
137.014 135.297 135.282 131.75 159.235
88.461 80.954 94.961 96.96 84.113
62.081 56.389 51.745 53.892 50.055
34.711 43.431 45.768 43.933 45.939
42.957 38.763 38.099 39.326 36.584
pthread
267.414 296.941 244.863 276.767 221.065
180.853 204.781 171.251 161.109 128.9
132.512 127.616 124.533 110.586 84.782
85.212 94.389 100.485 84.536 62.101
58.44 67.755 88.915 69.981 49.703
66.205 70.757 74.079 60.956 36.753
ser
230.706 224.583 219.537 264.457 241.725
